8 3 9 7 7 0 0 9 7 3 5 0 8 0 7 5
6 0 9 1 5 4 3 7 4 9 9 2 8 9 2 3
0 6 0 7 3 1 8 4 0 5 5 3 3 2 0 9
9 5 8 6 1 8 4 1 1 5 4 8 3 1 1 5
7 4 2 3 8 4 2 5 9 4 3 5 9 4 1 5
3 2 5 5 7 8 1 9 7 2 4 0 2 7 9 3
7 2 7 2 1 9 7 3 3 5 7 9 3 1 5 3
4 3 6 0 4 3 7 5 3 7 7 4 5 7 4 7
5 3 1 2 4 6 4 1 5 2 8 7 8 2 8 5
4 1 3 3 8 8 4 6 4 6 4 9 9 5 7 5
6 3 2 4 7 5 5 4 0 8 5 5 9 6 4 2
4 0 6 2 5 8 9 3 4 8 0 1 6 6 6 6
9 4 4 6 4 4 8 1 6 3 0 9 6 7 9 1
5 5 2 7 5 1 4 8 5 8 1 8 4 8 4 0
7 6 0 3 5 6 5 1 5 9 3 8 1 9 8 0
1 4 8 8 8 7 6 0 5 4 3 1 8 3 8 8
